polygon stone-trim.png
vertex 0.00000000 0.00000000 0.50000000 0.00000000 0.00000000 0.58173722 0.20030814
vertex 0.00000000 1.00000000 0.50000000 0.96875000 0.00000000 0.58173722 0.29752114
vertex 0.00000000 1.00000000 1.50000000 0.96875000 0.96875000 0.48452425 0.29752114
vertex 0.00000000 0.00000000 1.50000000 0.00000000 0.96875000 0.48452425 0.20030813
polygon stone-trim.png
vertex 0.00000000 0.00000000 0.50000000 0.00000000 0.00000000 0.58173722 0.20030814
vertex 0.00000000 0.00000000 1.50000000 0.00000000 0.96875000 0.48452425 0.20030813
vertex 1.00000000 0.00000000 1.50000000 0.96875000 0.96875000 0.48452425 0.10309513
vertex 1.00000000 0.00000000 0.50000000 0.96875000 0.00000000 0.58173728 0.10309514
polygon stone.png
vertex 0.00000000 0.00000000 0.50000000 0.00000000 0.00000000 0.25927091 0.00588213
vertex 1.00000000 0.00000000 0.50000000 0.00000000 0.96875000 0.31740892 0.08370885
vertex 1.00000000 1.00000000 0.50000000 0.96875000 0.96875000 0.23952723 0.14188795
vertex 0.00000000 1.00000000 0.50000000 0.96875000 0.00000000 0.18138920 0.06406123
polygon stone-trim.png
vertex 2.00000000 0.00000000 0.50000000 0.00000000 0.00000000 0.99411780 0.29752114
vertex 2.00000000 0.00000000 1.50000000 0.00000000 0.96875000 0.89690483 0.29752114
vertex 2.00000000 1.00000000 1.50000000 0.96875000 0.96875000 0.89690483 0.20030814
vertex 2.00000000 1.00000000 0.50000000 0.96875000 0.00000000 0.99411780 0.20030814
polygon stone-trim.png
vertex 1.00000000 0.00000000 0.50000000 0.03125000 0.00000000 0.58173728 0.10309514
vertex 1.00000000 0.00000000 1.50000000 0.03125000 0.96875000 0.48452425 0.10309513
vertex 2.00000000 0.00000000 1.50000000 1.00000000 0.96875000 0.48452425 0.00588213
vertex 2.00000000 0.00000000 0.50000000 1.00000000 0.00000000 0.58173728 0.00588214
polygon stone.png
vertex 1.00000000 0.00000000 0.50000000 0.00000000 0.03125000 0.31740892 0.08370885
vertex 2.00000000 0.00000000 0.50000000 0.00000000 1.00000000 0.37554696 0.16153556
vertex 2.00000000 1.00000000 0.50000000 0.96875000 1.00000000 0.29766527 0.21971466
vertex 1.00000000 1.00000000 0.50000000 0.96875000 0.03125000 0.23952723 0.14188795
polygon stone-trim.png
vertex 2.00000000 1.00000000 0.50000000 0.03125000 0.00000000 0.99411780 0.20030814
vertex 2.00000000 1.00000000 1.50000000 0.03125000 0.96875000 0.89690483 0.20030814
vertex 2.00000000 2.00000000 1.50000000 0.96875000 0.96875000 0.89690483 0.10309514
vertex 2.00000000 2.00000000 0.50000000 0.96875000 0.00000000 0.99411780 0.10309515
polygon stone.png
vertex 1.00000000 1.00000000 0.50000000 0.03125000 0.03125000 0.23952723 0.14188795
vertex 2.00000000 1.00000000 0.50000000 0.03125000 1.00000000 0.29766527 0.21971466
vertex 2.00000000 2.00000000 0.50000000 0.96875000 1.00000000 0.21978356 0.27789378
vertex 1.00000000 2.00000000 0.50000000 0.96875000 0.03125000 0.16164553 0.20006706
polygon stone-trim.png
vertex 0.00000000 1.00000000 0.50000000 0.03125000 0.00000000 0.58173722 0.29752114
vertex 0.00000000 2.00000000 0.50000000 1.00000000 0.00000000 0.58173722 0.39473414
vertex 0.00000000 2.00000000 1.50000000 1.00000000 0.96875000 0.48452422 0.39473414
vertex 0.00000000 1.00000000 1.50000000 0.03125000 0.96875000 0.48452425 0.29752114
polygon stone-trim.png
vertex 0.00000000 2.00000000 0.50000000 0.00000000 0.00000000 0.20030813 0.97139132
vertex 1.00000000 2.00000000 0.50000000 1.00000000 0.00000000 0.10309513 0.97139132
vertex 1.00000000 2.00000000 1.50000000 1.00000000 0.96875000 0.10309514 0.87417829
vertex 0.00000000 2.00000000 1.50000000 0.00000000 0.96875000 0.20030813 0.87417829
polygon stone.png
vertex 0.00000000 1.00000000 0.50000000 0.03125000 0.00000000 0.18138920 0.06406123
vertex 1.00000000 1.00000000 0.50000000 0.03125000 0.96875000 0.23952723 0.14188795
vertex 1.00000000 2.00000000 0.50000000 1.00000000 0.96875000 0.16164553 0.20006706
vertex 0.00000000 2.00000000 0.50000000 1.00000000 0.00000000 0.10350750 0.12224034
polygon stone.png
vertex 0.00000000 1.00000000 1.50000000 0.03125000 0.03125000 0.48452425 0.29752114
vertex 0.00000000 2.00000000 1.50000000 1.00000000 0.03125000 0.48452422 0.39473414
vertex 0.00000000 2.00000000 2.50000000 1.00000000 1.00000000 0.38731122 0.39473411
vertex 0.00000000 1.00000000 2.50000000 0.03125000 1.00000000 0.38731125 0.29752111
polygon stone.png
vertex 0.00000000 2.00000000 1.50000000 0.00000000 0.03125000 0.20030813 0.87417829
vertex 1.00000000 2.00000000 1.50000000 0.96875000 0.03125000 0.10309514 0.87417829
vertex 1.00000000 2.00000000 2.50000000 0.96875000 1.00000000 0.10309514 0.77696532
vertex 0.00000000 2.00000000 2.50000000 0.00000000 1.00000000 0.20030814 0.77696532
polygon stone.png
vertex 0.00000000 1.00000000 2.50000000 0.00000000 0.03125000 0.79969192 0.61268872
vertex 0.00000000 2.00000000 2.50000000 0.00000000 1.00000000 0.79969192 0.51547575
vertex 1.00000000 2.00000000 2.50000000 0.96875000 1.00000000 0.89683628 0.51547575
vertex 1.00000000 1.00000000 2.50000000 0.96875000 0.03125000 0.89683628 0.61268872
polygon stone.png
vertex 2.00000000 1.00000000 1.50000000 0.03125000 0.03125000 0.89690483 0.20030814
vertex 2.00000000 1.00000000 2.50000000 0.03125000 1.00000000 0.79969180 0.20030813
vertex 2.00000000 2.00000000 2.50000000 1.00000000 1.00000000 0.79969180 0.10309514
vertex 2.00000000 2.00000000 1.50000000 1.00000000 0.03125000 0.89690483 0.10309514
polygon stone.png
vertex 1.00000000 2.00000000 1.50000000 0.03125000 0.00000000 0.10309514 0.87417829
vertex 2.00000000 2.00000000 1.50000000 1.00000000 0.00000000 0.00588214 0.87417829
vertex 2.00000000 2.00000000 2.50000000 1.00000000 1.00000000 0.00588214 0.77696532
vertex 1.00000000 2.00000000 2.50000000 0.03125000 1.00000000 0.10309514 0.77696532
polygon stone.png
vertex 1.00000000 1.00000000 2.50000000 0.03125000 0.03125000 0.89683628 0.61268872
vertex 1.00000000 2.00000000 2.50000000 0.03125000 1.00000000 0.89683628 0.51547575
vertex 2.00000000 2.00000000 2.50000000 1.00000000 1.00000000 0.99398065 0.51547575
vertex 2.00000000 1.00000000 2.50000000 1.00000000 0.03125000 0.99398065 0.61268872
polygon stone.png
vertex 2.00000000 0.00000000 1.50000000 0.00000000 0.03125000 0.89690483 0.29752114
vertex 2.00000000 0.00000000 2.50000000 0.00000000 1.00000000 0.79969180 0.29752114
vertex 2.00000000 1.00000000 2.50000000 0.96875000 1.00000000 0.79969180 0.20030813
vertex 2.00000000 1.00000000 1.50000000 0.96875000 0.03125000 0.89690483 0.20030814
polygon stone.png
vertex 1.00000000 0.00000000 1.50000000 0.03125000 0.03125000 0.48452425 0.10309513
vertex 1.00000000 0.00000000 2.50000000 0.03125000 1.00000000 0.38731125 0.10309512
vertex 2.00000000 0.00000000 2.50000000 1.00000000 1.00000000 0.38731125 0.00588213
vertex 2.00000000 0.00000000 1.50000000 1.00000000 0.03125000 0.48452425 0.00588213
polygon stone.png
vertex 1.00000000 0.00000000 2.50000000 0.03125000 0.00000000 0.89683628 0.70990175
vertex 1.00000000 1.00000000 2.50000000 0.03125000 0.96875000 0.89683628 0.61268872
vertex 2.00000000 1.00000000 2.50000000 1.00000000 0.96875000 0.99398065 0.61268872
vertex 2.00000000 0.00000000 2.50000000 1.00000000 0.00000000 0.99398059 0.70990175
polygon stone.png
vertex 0.00000000 0.00000000 1.50000000 0.00000000 0.03125000 0.48452425 0.20030813
vertex 0.00000000 1.00000000 1.50000000 0.96875000 0.03125000 0.48452425 0.29752114
vertex 0.00000000 1.00000000 2.50000000 0.96875000 1.00000000 0.38731125 0.29752111
vertex 0.00000000 0.00000000 2.50000000 0.00000000 1.00000000 0.38731125 0.20030813
polygon stone.png
vertex 0.00000000 0.00000000 1.50000000 0.00000000 0.03125000 0.48452425 0.20030813
vertex 0.00000000 0.00000000 2.50000000 0.00000000 1.00000000 0.38731125 0.20030813
vertex 1.00000000 0.00000000 2.50000000 0.96875000 1.00000000 0.38731125 0.10309512
vertex 1.00000000 0.00000000 1.50000000 0.96875000 0.03125000 0.48452425 0.10309513
polygon stone.png
vertex 0.00000000 0.00000000 2.50000000 0.00000000 0.00000000 0.79969186 0.70990175
vertex 0.00000000 1.00000000 2.50000000 0.00000000 0.96875000 0.79969192 0.61268872
vertex 1.00000000 1.00000000 2.50000000 0.96875000 0.96875000 0.89683628 0.61268872
vertex 1.00000000 0.00000000 2.50000000 0.96875000 0.00000000 0.89683628 0.70990175
polygon stone-trim.png
vertex 1.00000000 2.00000000 0.50000000 0.00000000 0.00000000 0.30928540 0.77696526
vertex 1.00000000 3.00000000 0.50000000 0.96875000 0.00000000 0.30928540 0.87417829
vertex 1.00000000 3.00000000 1.50000000 0.96875000 1.00000000 0.21207240 0.87417823
vertex 1.00000000 2.00000000 1.50000000 0.00000000 1.00000000 0.21207242 0.77696526
polygon stone-trim.png
vertex 2.00000000 2.00000000 0.50000000 0.03125000 0.00000000 0.99411780 0.10309515
vertex 2.00000000 2.00000000 1.50000000 0.03125000 1.00000000 0.89690483 0.10309514
vertex 2.00000000 3.00000000 1.50000000 1.00000000 1.00000000 0.89690483 0.00588214
vertex 2.00000000 3.00000000 0.50000000 1.00000000 0.00000000 0.99411786 0.00588215
polygon stone.png
vertex 1.00000000 2.00000000 0.50000000 0.03125000 0.00000000 0.16164553 0.20006706
vertex 2.00000000 2.00000000 0.50000000 0.03125000 1.00000000 0.21978356 0.27789378
vertex 2.00000000 3.00000000 0.50000000 0.96875000 1.00000000 0.14190185 0.33607286
vertex 1.00000000 3.00000000 0.50000000 0.96875000 0.00000000 0.08376383 0.25824615
polygon stone.png
vertex 1.00000000 2.00000000 1.50000000 0.00000000 0.00000000 0.59350157 0.40649834
vertex 1.00000000 3.00000000 1.50000000 0.00000000 0.96875000 0.69071454 0.40649834
vertex 2.00000000 3.00000000 1.50000000 1.00000000 0.96875000 0.69071454 0.50364274
vertex 2.00000000 2.00000000 1.50000000 1.00000000 0.00000000 0.59350157 0.50364268
polygon stone-trim.png
vertex 1.00000000 3.00000000 0.50000000 0.03125000 0.00000000 0.30928540 0.87417829
vertex 1.00000000 4.00000000 0.50000000 1.00000000 0.00000000 0.30928540 0.97139126
vertex 1.00000000 4.00000000 1.50000000 1.00000000 1.00000000 0.21207240 0.97139126
vertex 1.00000000 3.00000000 1.50000000 0.03125000 1.00000000 0.21207240 0.87417823
polygon stone-trim.png
vertex 1.00000000 4.00000000 0.50000000 0.00000000 0.00000000 0.73932105 0.00588212
vertex 2.00000000 4.00000000 0.50000000 0.96875000 0.00000000 0.73932105 0.10309511
vertex 2.00000000 4.00000000 1.50000000 0.96875000 1.00000000 0.64210802 0.10309511
vertex 1.00000000 4.00000000 1.50000000 0.00000000 1.00000000 0.64210802 0.00588211
polygon stone.png
vertex 1.00000000 3.00000000 0.50000000 0.03125000 0.00000000 0.08376383 0.25824615
vertex 2.00000000 3.00000000 0.50000000 0.03125000 0.96875000 0.14190185 0.33607286
vertex 2.00000000 4.00000000 0.50000000 1.00000000 0.96875000 0.06402016 0.39425197
vertex 1.00000000 4.00000000 0.50000000 1.00000000 0.00000000 0.00588213 0.31642526
polygon stone.png
vertex 1.00000000 3.00000000 1.50000000 0.00000000 0.03125000 0.69071454 0.40649834
vertex 1.00000000 4.00000000 1.50000000 0.00000000 1.00000000 0.78792757 0.40649834
vertex 2.00000000 4.00000000 1.50000000 0.96875000 1.00000000 0.78792757 0.50364274
vertex 2.00000000 3.00000000 1.50000000 0.96875000 0.03125000 0.69071454 0.50364274
polygon stone-trim.png
vertex 2.00000000 3.00000000 0.50000000 0.00000000 0.00000000 0.53313071 0.79535037
vertex 2.00000000 3.00000000 1.50000000 0.00000000 1.00000000 0.43591771 0.79535037
vertex 3.00000000 3.00000000 1.00000000 0.96875000 1.00000000 0.48452422 0.69813734
vertex 3.00000000 3.00000000 0.00000000 0.96875000 0.00000000 0.58173722 0.69813740
polygon stone-trim.png
vertex 2.00000000 4.00000000 0.50000000 0.03125000 0.00000000 0.73932105 0.10309511
vertex 3.00000000 4.00000000 0.00000000 0.96875000 0.00000000 0.78792751 0.20030811
vertex 3.00000000 4.00000000 1.00000000 0.96875000 1.00000000 0.69071454 0.20030811
vertex 2.00000000 4.00000000 1.50000000 0.03125000 1.00000000 0.64210802 0.10309511
polygon stone.png
vertex 2.00000000 3.00000000 0.50000000 0.00000000 0.03125000 0.14190185 0.33607286
vertex 3.00000000 3.00000000 0.00000000 0.00000000 0.96875000 0.20113283 0.41536269
vertex 3.00000000 4.00000000 0.00000000 1.00000000 0.96875000 0.12325114 0.47354180
vertex 2.00000000 4.00000000 0.50000000 1.00000000 0.03125000 0.06402016 0.39425197
polygon stone.png
vertex 2.00000000 3.00000000 1.50000000 0.03125000 0.00000000 0.69071454 0.50364274
vertex 2.00000000 4.00000000 1.50000000 0.03125000 1.00000000 0.78792757 0.50364274
vertex 3.00000000 4.00000000 1.00000000 0.96875000 1.00000000 0.78792757 0.60261333
vertex 3.00000000 3.00000000 1.00000000 0.96875000 0.00000000 0.69071454 0.60261333
polygon stone-trim.png
vertex 3.00000000 3.00000000 0.00000000 0.03125000 0.00000000 0.58173722 0.69813740
vertex 3.00000000 3.00000000 1.00000000 0.03125000 1.00000000 0.48452422 0.69813734
vertex 4.00000000 3.00000000 1.00000000 0.96875000 1.00000000 0.48452422 0.60092437
vertex 4.00000000 3.00000000 0.00000000 0.96875000 0.00000000 0.58173722 0.60092437
polygon stone-trim.png
vertex 3.00000000 4.00000000 0.00000000 0.03125000 0.00000000 0.78792751 0.20030811
vertex 4.00000000 4.00000000 0.00000000 1.00000000 0.00000000 0.78792751 0.29752111
vertex 4.00000000 4.00000000 1.00000000 1.00000000 1.00000000 0.69071454 0.29752111
vertex 3.00000000 4.00000000 1.00000000 0.03125000 1.00000000 0.69071454 0.20030811
polygon stone.png
vertex 3.00000000 3.00000000 0.00000000 0.00000000 0.03125000 0.20113283 0.41536269
vertex 4.00000000 3.00000000 0.00000000 0.00000000 0.96875000 0.25927088 0.49318939
vertex 4.00000000 4.00000000 0.00000000 1.00000000 0.96875000 0.18138917 0.55136847
vertex 3.00000000 4.00000000 0.00000000 1.00000000 0.03125000 0.12325114 0.47354180
polygon stone.png
vertex 3.00000000 3.00000000 1.00000000 0.03125000 0.00000000 0.69071454 0.60261333
vertex 3.00000000 4.00000000 1.00000000 0.03125000 1.00000000 0.78792757 0.60261333
vertex 4.00000000 4.00000000 1.00000000 1.00000000 1.00000000 0.78792751 0.69975770
vertex 4.00000000 3.00000000 1.00000000 1.00000000 0.00000000 0.69071454 0.69975770
polygon stone-trim.png
vertex 4.00000000 3.00000000 0.00000000 0.03125000 0.00000000 0.58173722 0.60092437
vertex 4.00000000 3.00000000 1.00000000 0.03125000 0.96875000 0.48452422 0.60092437
vertex 5.00000000 3.00000000 1.00000000 0.96875000 0.96875000 0.48452422 0.50371134
vertex 5.00000000 3.00000000 0.00000000 0.96875000 0.00000000 0.58173722 0.50371140
polygon stone.png
vertex 4.00000000 3.00000000 0.00000000 0.00000000 0.03125000 0.25927088 0.49318939
vertex 5.00000000 3.00000000 0.00000000 0.00000000 0.96875000 0.31740892 0.57101613
vertex 5.00000000 4.00000000 0.00000000 0.96875000 0.96875000 0.23952721 0.62919521
vertex 4.00000000 4.00000000 0.00000000 0.96875000 0.03125000 0.18138917 0.55136847
polygon stone-trim.png
vertex 6.00000000 3.00000000 0.00000000 0.00000000 0.00000000 0.79969186 0.50371140
vertex 6.00000000 3.00000000 1.00000000 0.00000000 0.96875000 0.79969186 0.40649840
vertex 6.00000000 4.00000000 1.00000000 0.96875000 0.96875000 0.89690483 0.40649840
vertex 6.00000000 4.00000000 0.00000000 0.96875000 0.00000000 0.89690483 0.50371140
polygon stone-trim.png
vertex 5.00000000 3.00000000 0.00000000 0.03125000 0.00000000 0.58173722 0.50371140
vertex 5.00000000 3.00000000 1.00000000 0.03125000 0.96875000 0.48452422 0.50371134
vertex 6.00000000 3.00000000 1.00000000 1.00000000 0.96875000 0.48452422 0.40649837
vertex 6.00000000 3.00000000 0.00000000 1.00000000 0.00000000 0.58173722 0.40649837
polygon stone.png
vertex 5.00000000 3.00000000 0.00000000 0.00000000 0.03125000 0.31740892 0.57101613
vertex 6.00000000 3.00000000 0.00000000 0.00000000 1.00000000 0.37554693 0.64884281
vertex 6.00000000 4.00000000 0.00000000 0.96875000 1.00000000 0.29766524 0.70702195
vertex 5.00000000 4.00000000 0.00000000 0.96875000 0.03125000 0.23952721 0.62919521
polygon stone-trim.png
vertex 6.00000000 4.00000000 0.00000000 0.03125000 0.00000000 0.89690483 0.50371140
vertex 6.00000000 4.00000000 1.00000000 0.03125000 0.96875000 0.89690483 0.40649840
vertex 6.00000000 5.00000000 1.00000000 1.00000000 0.96875000 0.99411786 0.40649843
vertex 6.00000000 5.00000000 0.00000000 1.00000000 0.00000000 0.99411786 0.50371140
polygon stone-trim.png
vertex 5.00000000 5.00000000 0.00000000 0.03125000 0.00000000 0.69071454 0.90594798
vertex 6.00000000 5.00000000 0.00000000 1.00000000 0.00000000 0.59350157 0.90594798
vertex 6.00000000 5.00000000 1.00000000 1.00000000 0.96875000 0.59350157 0.80873495
vertex 5.00000000 5.00000000 1.00000000 0.03125000 0.96875000 0.69071454 0.80873495
polygon stone.png
vertex 5.00000000 4.00000000 0.00000000 0.03125000 0.03125000 0.23952721 0.62919521
vertex 6.00000000 4.00000000 0.00000000 0.03125000 1.00000000 0.29766524 0.70702195
vertex 6.00000000 5.00000000 0.00000000 1.00000000 1.00000000 0.21978353 0.76520103
vertex 5.00000000 5.00000000 0.00000000 1.00000000 0.03125000 0.16164550 0.68737435
polygon stone-trim.png
vertex 4.00000000 4.00000000 0.00000000 0.00000000 0.00000000 0.78792751 0.29752111
vertex 4.00000000 5.00000000 0.00000000 1.00000000 0.00000000 0.78792751 0.39473411
vertex 4.00000000 5.00000000 1.00000000 1.00000000 0.96875000 0.69071454 0.39473411
vertex 4.00000000 4.00000000 1.00000000 0.00000000 0.96875000 0.69071454 0.29752111
polygon stone-trim.png
vertex 4.00000000 5.00000000 0.00000000 0.00000000 0.00000000 0.78792757 0.90594798
vertex 5.00000000 5.00000000 0.00000000 0.96875000 0.00000000 0.69071454 0.90594798
vertex 5.00000000 5.00000000 1.00000000 0.96875000 0.96875000 0.69071454 0.80873495
vertex 4.00000000 5.00000000 1.00000000 0.00000000 0.96875000 0.78792757 0.80873495
polygon stone.png
vertex 4.00000000 4.00000000 0.00000000 0.03125000 0.00000000 0.18138917 0.55136847
vertex 5.00000000 4.00000000 0.00000000 0.03125000 0.96875000 0.23952721 0.62919521
vertex 5.00000000 5.00000000 0.00000000 1.00000000 0.96875000 0.16164550 0.68737435
vertex 4.00000000 5.00000000 0.00000000 1.00000000 0.00000000 0.10350747 0.60954762
polygon stone.png
vertex 4.00000000 4.00000000 1.00000000 0.03125000 0.03125000 0.69071454 0.29752111
vertex 4.00000000 5.00000000 1.00000000 1.00000000 0.03125000 0.69071454 0.39473411
vertex 4.00000000 5.00000000 2.00000000 1.00000000 1.00000000 0.59350151 0.39473411
vertex 4.00000000 4.00000000 2.00000000 0.03125000 1.00000000 0.59350151 0.29752111
polygon stone.png
vertex 4.00000000 5.00000000 1.00000000 0.00000000 0.03125000 0.78792757 0.80873495
vertex 5.00000000 5.00000000 1.00000000 0.96875000 0.03125000 0.69071454 0.80873495
vertex 5.00000000 5.00000000 2.00000000 0.96875000 1.00000000 0.69071460 0.71152198
vertex 4.00000000 5.00000000 2.00000000 0.00000000 1.00000000 0.78792757 0.71152198
polygon stone.png
vertex 4.00000000 4.00000000 2.00000000 0.00000000 0.03125000 0.79969180 0.81887895
vertex 4.00000000 5.00000000 2.00000000 0.00000000 1.00000000 0.79969180 0.72166598
vertex 5.00000000 5.00000000 2.00000000 0.96875000 1.00000000 0.89683610 0.72166598
vertex 5.00000000 4.00000000 2.00000000 0.96875000 0.03125000 0.89683610 0.81887895
polygon stone.png
vertex 6.00000000 4.00000000 1.00000000 0.03125000 0.03125000 0.89690483 0.40649840
vertex 6.00000000 4.00000000 2.00000000 0.03125000 1.00000000 0.89690483 0.30928540
vertex 6.00000000 5.00000000 2.00000000 1.00000000 1.00000000 0.99411786 0.30928543
vertex 6.00000000 5.00000000 1.00000000 1.00000000 0.03125000 0.99411786 0.40649843
polygon stone.png
vertex 5.00000000 5.00000000 1.00000000 0.03125000 0.03125000 0.69071454 0.80873495
vertex 6.00000000 5.00000000 1.00000000 1.00000000 0.03125000 0.59350157 0.80873495
vertex 6.00000000 5.00000000 2.00000000 1.00000000 1.00000000 0.59350157 0.71152198
vertex 5.00000000 5.00000000 2.00000000 0.03125000 1.00000000 0.69071460 0.71152198
polygon stone.png
vertex 5.00000000 4.00000000 2.00000000 0.03125000 0.03125000 0.89683610 0.81887895
vertex 5.00000000 5.00000000 2.00000000 0.03125000 1.00000000 0.89683610 0.72166598
vertex 6.00000000 5.00000000 2.00000000 1.00000000 1.00000000 0.99398047 0.72166598
vertex 6.00000000 4.00000000 2.00000000 1.00000000 0.03125000 0.99398047 0.81887901
polygon stone.png
vertex 6.00000000 3.00000000 1.00000000 0.00000000 0.03125000 0.79969186 0.40649840
vertex 6.00000000 3.00000000 2.00000000 0.00000000 1.00000000 0.79969186 0.30928540
vertex 6.00000000 4.00000000 2.00000000 0.96875000 1.00000000 0.89690483 0.30928540
vertex 6.00000000 4.00000000 1.00000000 0.96875000 0.03125000 0.89690483 0.40649840
polygon stone.png
vertex 5.00000000 3.00000000 1.00000000 0.03125000 0.03125000 0.48452422 0.50371134
vertex 5.00000000 3.00000000 2.00000000 0.03125000 1.00000000 0.38731122 0.50371134
vertex 6.00000000 3.00000000 2.00000000 1.00000000 1.00000000 0.38731122 0.40649837
vertex 6.00000000 3.00000000 1.00000000 1.00000000 0.03125000 0.48452422 0.40649837
polygon stone.png
vertex 5.00000000 3.00000000 2.00000000 0.03125000 0.00000000 0.89683610 0.91609198
vertex 5.00000000 4.00000000 2.00000000 0.03125000 0.96875000 0.89683610 0.81887895
vertex 6.00000000 4.00000000 2.00000000 1.00000000 0.96875000 0.99398047 0.81887901
vertex 6.00000000 3.00000000 2.00000000 1.00000000 0.00000000 0.99398047 0.91609198
polygon stone.png
vertex 4.00000000 3.00000000 1.00000000 0.00000000 0.00000000 0.69071454 0.20030811
vertex 4.00000000 4.00000000 1.00000000 0.96875000 0.00000000 0.69071454 0.29752111
vertex 4.00000000 4.00000000 2.00000000 0.96875000 1.00000000 0.59350151 0.29752111
vertex 4.00000000 3.00000000 2.00000000 0.00000000 1.00000000 0.59350151 0.20030810
polygon stone.png
vertex 4.00000000 3.00000000 1.00000000 0.00000000 0.03125000 0.48452422 0.60092437
vertex 4.00000000 3.00000000 2.00000000 0.00000000 1.00000000 0.38731122 0.60092437
vertex 5.00000000 3.00000000 2.00000000 0.96875000 1.00000000 0.38731122 0.50371134
vertex 5.00000000 3.00000000 1.00000000 0.96875000 0.03125000 0.48452422 0.50371134
polygon stone.png
vertex 4.00000000 3.00000000 2.00000000 0.00000000 0.00000000 0.79969174 0.91609198
vertex 4.00000000 4.00000000 2.00000000 0.00000000 0.96875000 0.79969180 0.81887895
vertex 5.00000000 4.00000000 2.00000000 0.96875000 0.96875000 0.89683610 0.81887895
vertex 5.00000000 3.00000000 2.00000000 0.96875000 0.00000000 0.89683610 0.91609198
